-1.0 -0.5 0.338932
-0.5 -0.5 0.523307
-0.4 -0.5 0.600521
-0.3 -0.5 0.679427
-0.2 -0.5 0.751302
-0.1 -0.5 0.845703
0.0 -0.5 0.907422
0.1 -0.5 0.926042
0.2 -0.5 0.943490
0.3 -0.5 0.944401
0.4 -0.5 0.943750
0.5 -0.5 0.942708

-1.0 -0.4 0.304036
-0.5 -0.4 0.454036
-0.4 -0.4 0.518359
-0.3 -0.4 0.606250
-0.2 -0.4 0.709896
-0.1 -0.4 0.811589
0.0 -0.4 0.897526
0.1 -0.4 0.928906
0.2 -0.4 0.944010
0.3 -0.4 0.944922
0.4 -0.4 0.929948
0.5 -0.4 0.929948

-1.0 -0.3 0.262760
-0.5 -0.3 0.386589
-0.4 -0.3 0.436458
-0.3 -0.3 0.525260
-0.2 -0.3 0.642188
-0.1 -0.3 0.779948
0.0 -0.3 0.907292
0.1 -0.3 0.937500
0.2 -0.3 0.941146
0.3 -0.3 0.934766
0.4 -0.3 0.932552
0.5 -0.3 0.915625

-1.0 -0.2 0.225130
-0.5 -0.2 0.305208
-0.4 -0.2 0.344661
-0.3 -0.2 0.417187
-0.2 -0.2 0.512370
-0.1 -0.2 0.720052
0.0 -0.2 0.890495
0.1 -0.2 0.939583
0.2 -0.2 0.935417
0.3 -0.2 0.927865
0.4 -0.2 0.907943
0.5 -0.2 0.902865

-1.0 -0.1 0.194792
-0.5 -0.1 0.235937
-0.4 -0.1 0.248958
-0.3 -0.1 0.267318
-0.2 -0.1 0.335547
-0.1 -0.1 0.525260
0.0 -0.1 0.895182
0.1 -0.1 0.935937
0.2 -0.1 0.913802
0.3 -0.1 0.890755
0.4 -0.1 0.881641
0.5 -0.1 0.875781

-1.0 0.0 0.173568
-0.5 0.0 0.169401
-0.4 0.0 0.172396
-0.3 0.0 0.168099
-0.2 0.0 0.165625
-0.1 0.0 0.171615
0.0 0.0 0.500000
0.1 0.0 0.826172
0.2 0.0 0.836719
0.3 0.0 0.831641
0.4 0.0 0.820833
0.5 0.0 0.833594

-1.0 0.1 0.140885
-0.5 0.1 0.126432
-0.4 0.1 0.115104
-0.3 0.1 0.100521
-0.2 0.1 0.088281
-0.1 0.1 0.063672
0.0 0.1 0.107813
0.1 0.1 0.490625
0.2 0.1 0.651953
0.3 0.1 0.725260
0.4 0.1 0.750651
0.5 0.1 0.764583

-1.0 0.2 0.125000
-0.5 0.2 0.096354
-0.4 0.2 0.088411
-0.3 0.2 0.068359
-0.2 0.2 0.063672
-0.1 0.2 0.059115
0.0 0.2 0.104818
0.1 0.2 0.301693
0.2 0.2 0.465885
0.3 0.2 0.591927
0.4 0.2 0.652474
0.5 0.2 0.702995

-1.0 0.3 0.107552
-0.5 0.3 0.077474
-0.4 0.3 0.070052
-0.3 0.3 0.063672
-0.2 0.3 0.059505
-0.1 0.3 0.064323
0.0 0.3 0.103906
0.1 0.3 0.217057
0.2 0.3 0.350260
0.3 0.3 0.483724
0.4 0.3 0.562109
0.5 0.3 0.619141

-1.0 0.4 0.098828
-0.5 0.4 0.071745
-0.4 0.4 0.057031
-0.3 0.4 0.059115
-0.2 0.4 0.054297
-0.1 0.4 0.071224
0.0 0.4 0.104167
0.1 0.4 0.180990
0.2 0.4 0.290625
0.3 0.4 0.394010
0.4 0.4 0.474479
0.5 0.4 0.554167

-1.0 0.5 0.088281
-0.5 0.5 0.060026
-0.4 0.5 0.059115
-0.3 0.5 0.058724
-0.2 0.5 0.063151
-0.1 0.5 0.077083
0.0 0.5 0.105599
0.1 0.5 0.157943
0.2 0.5 0.251953
0.3 0.5 0.332422
0.4 0.5 0.408724
0.5 0.5 0.477865

-1.0 1.0 0.061849
-0.5 1.0 0.052995
-0.4 1.0 0.058203
-0.3 1.0 0.065625
-0.2 1.0 0.075130
-0.1 1.0 0.081510
0.0 1.0 0.102865
0.1 1.0 0.124870
0.2 1.0 0.168620
0.3 1.0 0.197786
0.4 1.0 0.245182
0.5 1.0 0.282161