0.000000  0.000000 0.000000
1.000000  0.000000 0.338360
2.000000  0.000000 0.491758
3.000000  0.000000 0.587247
4.000000  0.000000 0.652139
5.000000  0.000000 0.698740
6.000000  0.000000 0.733613
7.000000  0.000000 0.760578
8.000000  0.000000 0.781986
9.000000  0.000000 0.799361
10.000000  0.000000 0.813725

0.000000  1.000000 0.336841
1.000000  1.000000 0.643398
2.000000  1.000000 0.771350
3.000000  1.000000 0.847109
4.000000  1.000000 0.896823
5.000000  1.000000 0.931668
6.000000  1.000000 0.957307
7.000000  1.000000 0.976891
8.000000  1.000000 0.992303
9.000000  1.000000 1.004729
10.000000  1.000000 1.014952

0.000000  2.000000 0.487076
1.000000  2.000000 0.768189
2.000000  2.000000 0.876737
3.000000  2.000000 0.938090
4.000000  2.000000 0.977114
5.000000  2.000000 1.003903
6.000000  2.000000 1.023342
7.000000  2.000000 1.038052
8.000000  2.000000 1.049553
9.000000  2.000000 1.058784
10.000000  2.000000 1.066354

0.000000  3.000000 0.579120
1.000000  3.000000 0.840502
2.000000  3.000000 0.934644
3.000000  3.000000 0.985690
4.000000  3.000000 1.017266
5.000000  3.000000 1.038554
6.000000  3.000000 1.053820
7.000000  3.000000 1.065283
8.000000  3.000000 1.074202
9.000000  3.000000 1.081334
10.000000  3.000000 1.087169

0.000000  4.000000 0.640862
1.000000  4.000000 0.887065
2.000000  4.000000 0.970518
3.000000  4.000000 1.014115
4.000000  4.000000 1.040415
5.000000  4.000000 1.057857
6.000000  4.000000 1.070230
7.000000  4.000000 1.079460
8.000000  4.000000 1.086605
9.000000  4.000000 1.092307
10.000000  4.000000 1.096961

0.000000  5.000000 0.684765
1.000000  5.000000 0.919213
2.000000  5.000000 0.994610
3.000000  5.000000 1.032706
4.000000  5.000000 1.055160
5.000000  5.000000 1.069818
6.000000  5.000000 1.080115
7.000000  5.000000 1.087742
8.000000  5.000000 1.093626
9.000000  5.000000 1.098305
10.000000  5.000000 1.102119

0.000000  6.000000 0.717382
1.000000  6.000000 0.942595
2.000000  6.000000 1.011792
3.000000  6.000000 1.045716
4.000000  6.000000 1.065276
5.000000  6.000000 1.077859
6.000000  6.000000 1.086605
7.000000  6.000000 1.093046
8.000000  6.000000 1.097992
9.000000  6.000000 1.101915
10.000000  6.000000 1.105106

0.000000  7.000000 0.742465
1.000000  7.000000 0.960298
2.000000  7.000000 1.024621
3.000000  7.000000 1.055297
4.000000  7.000000 1.072624
5.000000  7.000000 1.083604
6.000000  7.000000 1.091165
7.000000  7.000000 1.096693
8.000000  7.000000 1.100920
9.000000  7.000000 1.104260
10.000000  7.000000 1.106976

0.000000  8.000000 0.762301
1.000000  8.000000 0.974138
2.000000  8.000000 1.034549
3.000000  8.000000 1.062644
4.000000  8.000000 1.078198
5.000000  8.000000 1.087915
6.000000  8.000000 1.094538
7.000000  8.000000 1.099348
8.000000  8.000000 1.103005
9.000000  8.000000 1.105888
10.000000  8.000000 1.108230

0.000000  9.000000 0.778351
1.000000  9.000000 0.985238
2.000000  9.000000 1.042455
3.000000  9.000000 1.068450
4.000000  9.000000 1.082574
5.000000  9.000000 1.091270
6.000000  9.000000 1.097136
7.000000  9.000000 1.101362
8.000000  9.000000 1.104563
9.000000  9.000000 1.107084
10.000000  9.000000 1.109123

0.000000  10.000000 0.791588
1.000000  10.000000 0.994334
2.000000  10.000000 1.048898
3.000000  10.000000 1.073159
4.000000  10.000000 1.086101
5.000000  10.000000 1.093957
6.000000  10.000000 1.099200
7.000000  10.000000 1.102951
8.000000  10.000000 1.105777
9.000000  10.000000 1.107996
10.000000  10.000000 1.109788

