-1.0 -0.5 0.350800
-0.5 -0.5 0.541575
-0.4 -0.5 0.613326
-0.3 -0.5 0.697959
-0.2 -0.5 0.786729
-0.1 -0.5 0.862618
0.0 -0.5 0.912278
0.1 -0.5 0.937658
0.2 -0.5 0.947992
0.3 -0.5 0.950250
0.4 -0.5 0.948291
0.5 -0.5 0.944210

-1.0 -0.4 0.309486
-0.5 -0.4 0.471519
-0.4 -0.4 0.541575
-0.3 -0.4 0.633455
-0.2 -0.4 0.742765
-0.1 -0.4 0.845822
0.0 -0.4 0.912278
0.1 -0.4 0.941314
0.2 -0.4 0.949833
0.3 -0.4 0.949041
0.4 -0.4 0.944210
0.5 -0.4 0.937844

-1.0 -0.3 0.269510
-0.5 -0.3 0.392252
-0.4 -0.3 0.452410
-0.3 -0.3 0.541575
-0.2 -0.3 0.668654
-0.1 -0.3 0.814373
0.0 -0.3 0.912278
0.1 -0.3 0.945712
0.2 -0.3 0.949936
0.3 -0.3 0.944210
0.4 -0.3 0.935611
0.5 -0.3 0.926778

-1.0 -0.2 0.232057
-0.5 -0.2 0.309486
-0.4 -0.2 0.350800
-0.3 -0.2 0.419426
-0.2 -0.2 0.541575
-0.1 -0.2 0.742765
0.0 -0.2 0.912278
0.1 -0.2 0.949833
0.2 -0.2 0.944210
0.3 -0.2 0.931143
0.4 -0.2 0.918622
0.5 -0.2 0.908105

-1.0 -0.1 0.198127
-0.5 -0.1 0.232057
-0.4 -0.1 0.250399
-0.3 -0.1 0.282611
-0.2 -0.1 0.350800
-0.1 -0.1 0.541575
0.0 -0.1 0.912278
0.1 -0.1 0.944210
0.2 -0.1 0.918622
0.3 -0.1 0.899516
0.4 -0.1 0.886703
0.5 -0.1 0.877784

-1.0 0.0 0.168388
-0.5 0.0 0.168388
-0.4 0.0 0.168388
-0.3 0.0 0.168388
-0.2 0.0 0.168388
-0.1 0.0 0.168388
0.0 0.0 0.500000
0.1 0.0 0.831612
0.2 0.0 0.831612
0.3 0.0 0.831612
0.4 0.0 0.831612
0.5 0.0 0.831612

-1.0 0.1 0.143117
-0.5 0.1 0.122216
-0.4 0.1 0.113297
-0.3 0.1 0.100484
-0.2 0.1 0.081378
-0.1 0.1 0.055790
0.0 0.1 0.087722
0.1 0.1 0.458425
0.2 0.1 0.649200
0.3 0.1 0.717389
0.4 0.1 0.749601
0.5 0.1 0.767943

-1.0 0.2 0.122216
-0.5 0.2 0.091895
-0.4 0.2 0.081378
-0.3 0.2 0.068857
-0.2 0.2 0.055790
-0.1 0.2 0.050167
0.0 0.2 0.087722
0.1 0.2 0.257235
0.2 0.2 0.458425
0.3 0.2 0.580574
0.4 0.2 0.649200
0.5 0.2 0.690514

-1.0 0.3 0.105317
-0.5 0.3 0.073222
-0.4 0.3 0.064389
-0.3 0.3 0.055790
-0.2 0.3 0.050064
-0.1 0.3 0.054288
0.0 0.3 0.087722
0.1 0.3 0.185627
0.2 0.3 0.331346
0.3 0.3 0.458425
0.4 0.3 0.547590
0.5 0.3 0.607748
-1.0 0.4 0.091895
-0.5 0.4 0.062156
-0.4 0.4 0.055790
-0.3 0.4 0.050959
-0.2 0.4 0.050167
-0.1 0.4 0.058686
0.0 0.4 0.087722
0.1 0.4 0.154178
0.2 0.4 0.257235
0.3 0.4 0.366545
0.4 0.4 0.458425
0.5 0.4 0.528481

-1.0 0.5 0.081378
-0.5 0.5 0.055790
-0.4 0.5 0.051709
-0.3 0.5 0.049750
-0.2 0.5 0.052008
-0.1 0.5 0.062342
0.0 0.5 0.087722
0.1 0.5 0.137382
0.2 0.5 0.213271
0.3 0.5 0.302041
0.4 0.5 0.386674
0.5 0.5 0.458425

-1.0 1.0 0.055790
-0.5 1.0 0.050167
-0.4 1.0 0.052008
-0.3 1.0 0.055819
-0.2 1.0 0.062342
-0.1 1.0 0.072570
0.0 1.0 0.087722
0.1 1.0 0.109049
0.2 1.0 0.137382
0.3 1.0 0.172575
0.4 1.0 0.213271
0.5 1.0 0.257235