0.000000  0.000000 0.000000
1.000000  0.000000 0.338576
2.000000  0.000000 0.492100
3.000000  0.000000 0.587628
4.000000  0.000000 0.652452
5.000000  0.000000 0.699473
6.000000  0.000000 0.733928
7.000000  0.000000 0.760835
8.000000  0.000000 0.782269
9.000000  0.000000 0.799937
10.000000  0.000000 0.814307

0.000000  1.000000 0.337501
1.000000  1.000000 0.644378
2.000000  1.000000 0.772600
3.000000  1.000000 0.848293
4.000000  1.000000 0.897743
5.000000  1.000000 0.932918
6.000000  1.000000 0.958107
7.000000  1.000000 0.977651
8.000000  1.000000 0.993076
9.000000  1.000000 1.005590
10.000000  1.000000 1.015820

0.000000  2.000000 0.487918
1.000000  2.000000 0.768649
2.000000  2.000000 0.877385
3.000000  2.000000 0.938942
4.000000  2.000000 0.977933
5.000000  2.000000 1.004994
6.000000  2.000000 1.024075
7.000000  2.000000 1.038599
8.000000  2.000000 1.050098
9.000000  2.000000 1.059455
10.000000  2.000000 1.067038

0.000000  3.000000 0.579917
1.000000  3.000000 0.841140
2.000000  3.000000 0.935417
3.000000  3.000000 0.986556
4.000000  3.000000 1.017888
5.000000  3.000000 1.039627
6.000000  3.000000 1.054570
7.000000  3.000000 1.065886
8.000000  3.000000 1.074761
9.000000  3.000000 1.082092
10.000000  3.000000 1.087813

0.000000  4.000000 0.641169
1.000000  4.000000 0.887296
2.000000  4.000000 0.970881
3.000000  4.000000 1.014759
4.000000  4.000000 1.040871
5.000000  4.000000 1.058717
6.000000  4.000000 1.070859
7.000000  4.000000 1.080050
8.000000  4.000000 1.087140
9.000000  4.000000 1.093100
10.000000  4.000000 1.097586

0.000000  5.000000 0.686011
1.000000  5.000000 0.920438
2.000000  5.000000 0.995807
3.000000  5.000000 1.034006
4.000000  5.000000 1.056292
5.000000  5.000000 1.071385
6.000000  5.000000 1.081420
7.000000  5.000000 1.089108
8.000000  5.000000 1.094947
9.000000  5.000000 1.099803
10.000000  5.000000 1.103452

0.000000  6.000000 0.718719
1.000000  6.000000 0.944077
2.000000  6.000000 1.013200
3.000000  6.000000 1.047146
4.000000  6.000000 1.066487
5.000000  6.000000 1.079395
6.000000  6.000000 1.087875
7.000000  6.000000 1.094340
8.000000  6.000000 1.099262
9.000000  6.000000 1.103405
10.000000  6.000000 1.106448

0.000000  7.000000 0.743692
1.000000  7.000000 0.961426
2.000000  7.000000 1.025736
3.000000  7.000000 1.056446
4.000000  7.000000 1.073675
5.000000  7.000000 1.084933
6.000000  7.000000 1.092175
7.000000  7.000000 1.097744
8.000000  7.000000 1.101981
9.000000  7.000000 1.105507
10.000000  7.000000 1.108100

0.000000  8.000000 0.763632
1.000000  8.000000 0.975400
2.000000  8.000000 1.035734
3.000000  8.000000 1.063919
4.000000  8.000000 1.079359
5.000000  8.000000 1.089379
6.000000  8.000000 1.095632
7.000000  8.000000 1.100471
8.000000  8.000000 1.104142
9.000000  8.000000 1.107237
10.000000  8.000000 1.109485

0.000000  9.000000 0.779574
1.000000  9.000000 0.986399
2.000000  9.000000 1.043510
3.000000  9.000000 1.069466
4.000000  9.000000 1.083486
5.000000  9.000000 1.092506
6.000000  9.000000 1.098047
7.000000  9.000000 1.102343
8.000000  9.000000 1.105542
9.000000  9.000000 1.108277
10.000000  9.000000 1.110223

0.000000  10.000000 0.792913
1.000000  10.000000 0.995480
2.000000  10.000000 1.049931
3.000000  10.000000 1.074162
4.000000  10.000000 1.087056
5.000000  10.000000 1.095344
6.000000  10.000000 1.100260
7.000000  10.000000 1.104075
8.000000  10.000000 1.106901
9.000000  10.000000 1.109316
10.000000  10.000000 1.111006

